Sample predictions (y_pred vs y_true)
======================================================================
00 | pred=[ 0.0185  0.5598 -1.0553  2.9915] | true=[ 0.0285  0.5892 -1.0839  3.    ]
01 | pred=[-0.123  -2.5269  3.6568  2.9981] | true=[ 0.0082 -2.4038  3.6969  3.    ]
02 | pred=[ 0.3619 -1.8647  0.2389  2.9755] | true=[ 0.3207 -1.8738  0.3263  3.    ]
03 | pred=[0.7589 1.4041 0.3411 3.0358] | true=[0.7355 1.3775 0.2744 3.    ]
04 | pred=[ 0.1578  2.876  -1.2043  2.9255] | true=[ 0.076   2.8721 -1.2668  3.    ]
05 | pred=[0.5047 1.969  1.8271 3.0448] | true=[0.409  1.9206 1.7781 3.    ]
06 | pred=[ 0.1132 -6.2301 -0.1576  2.9615] | true=[ 0.0595 -6.2924 -0.4212  3.    ]
07 | pred=[ 0.6113 -0.1252 -3.5493  3.048 ] | true=[ 0.6031 -0.1792 -3.545   3.    ]
